277267749, 456239969
277267749, 456239968
277267749, 456239966
277267749, 456239965
277267749, 456239961
277267749, 456239959
277267749, 456239939
277267749, 456239947
277267749, 456239948
277267749, 456239954
277267749, 456239955
277267749, 456239958
277267749, 456239960
277267749, 456239963
277267749, 456239970
277267749, 456239967
277267749, 456239953
277267749, 456239917
277267749, 456239918
277267749, 456239922
277267749, 456239923
277267749, 456239925
277267749, 456239928
277267749, 456239929
277267749, 456239926
277267749, 456239930
277267749, 456239935
277267749, 456239888
277267749, 456239899
277267749, 456239903
277267749, 456239907
277267749, 456239911
277267749, 456239905
277267749, 456239908
277267749, 456239910
277267749, 456239912
277267749, 456239914
277267749, 456239873
277267749, 456239874
277267749, 456239875
277267749, 456239876
277267749, 456239877
277267749, 456239878
277267749, 456239879
277267749, 456239882
277267749, 456239884
277267749, 456239885
277267749, 456239861
277267749, 456239863
277267749, 456239864
277267749, 456239866
277267749, 456239867
277267749, 456239869
277267749, 456239868
277267749, 456239870
277267749, 456239871
277267749, 456239872
277267749, 456239818
277267749, 456239819
277267749, 456239823
277267749, 456239832
277267749, 456239834
277267749, 456239844
277267749, 456239845
277267749, 456239846
277267749, 456239858
277267749, 456239860
400545951, 456241981
400545951, 456241982
277267749, 456239701
277267749, 456239702
277267749, 456239812
277267749, 456239814
277267749, 456239815
277267749, 456239816
277267749, 456239831
277267749, 456239826
277267749, 456239829
277267749, 456239830
277267749, 456239702
277267749, 456239672
277267749, 456239677
277267749, 456239678
277267749, 456239679
277267749, 456239680
277267749, 456239684
277267749, 456239714
277267749, 456239710
277267749, 456239703
277267749, 456239601
277267749, 456239596
277267749, 456239602
277267749, 456239641
277267749, 456239643
277267749, 456239644
277267749, 456239648
277267749, 456239650
277267749, 456239652
277267749, 456239670
277267749, 456239547
277267749, 456239558
277267749, 456239578
277267749, 456239579
277267749, 456239580
277267749, 456239598
277267749, 456239597
277267749, 456239599
277267749, 456239604
277267749, 456239600
277267749, 456239422
277267749, 456239455
277267749, 456239474
277267749, 456239496
277267749, 456239506
277267749, 456239508
277267749, 456239515
277267749, 456239521
277267749, 456239522
277267749, 456239524
277267749, 456239360
277267749, 456239337
277267749, 456239340
277267749, 456239361
277267749, 456239378
277267749, 456239411
277267749, 456239413
277267749, 456239417
277267749, 456239419
277267749, 456239421
277267749, 456239288
277267749, 456239293
277267749, 456239294
277267749, 456239297
277267749, 456239317
277267749, 456239323
277267749, 456239325
277267749, 456239336
277267749, 456239356
277267749, 456239358
277267749, 456239137
277267749, 456239208
277267749, 456239222
277267749, 456239253
277267749, 456239258
277267749, 456239265
277267749, 456239274
277267749, 456239278
277267749, 456239281
277267749, 456239287
277267749, 456239973
277267749, 456239974
277267749, 456239971
277267749, 456239972
277267749, 456239942